72 7
71 7
3 4
1 5
95 1
81 2
6 6
43 8
61 7
85 3
70 1
41 3
42 6
9 10
16 10
77 3
16 8
83 10
52 1
71 1
37 2
15 9
13 5
3 9
17 4
75 8
99 9
71 4
33 10
10 6
61 3
34 10
72 2
65 5
33 5
3 3
29 5
17 6
40 2
87 7
17 4
22 10
70 2
32 6
82 1
98 8
62 9
53 7
40 10
40 9
27 8
47 1
96 4
23 10
98 7
13 8
77 8
73 3
75 3
87 9
82 8
19 3
48 9
35 6
20 8
36 6
49 1
41 3
38 3
65 1
59 5
61 10
19 9
98 9
13 10
59 7
85 5
41 9
34 7
41 6
96 1
89 6
6 7
52 2
97 3
82 4
13 4
63 6
43 4
67 7
97 2
92 5
2 9
26 6
96 9
31 5
40 3
40 8
68 1
88 3
82 2
65 6
45 2
44 6
62 4
87 4
56 7
94 1
14 9
77 9
68 8
42 2
47 9
55 7
37 6
93 3
35 2
87 5
37 7
89 1
65 6
59 6
87 7
14 2
83 7
71 8
65 2
66 5
88 5
69 3
95 1
25 3
85 1
46 4
87 7
83 8
4 5
68 10
69 6
60 9
73 2
36 8
88 3
74 1
98 7
95 2
49 6
99 7
43 3
44 9
68 4
80 1
81 2
90 6
24 8
95 7
71 2
46 7
54 5
65 5
57 3
39 5
33 5
93 10
66 7
4 9
75 9
56 7
39 7
89 2
80 5
59 9
7 10
8 7
23 9
34 7
15 1
67 6
56 5
42 4
71 3
44 9
5 3
43 1
22 6
28 5
97 7
40 3
83 6
36 3
40 5
20 1
74 9
16 1
36 3
78 10
44 6
57 10
52 1
60 5
33 4
83 3
97 1
16 4
62 4
7 9
89 1
66 4
94 2
4 3
98 4
54 6
20 7
10 9
82 8
92 1
92 1
84 5
37 9
45 3
71 6
57 6
47 1
60 1
74 4
41 3
32 7
91 1
89 3
20 2
97 8
88 5
19 5
72 4
66 3
6 10
30 6
14 7
61 7
96 9
79 6
9 3
48 10
87 6
87 5
83 7
14 9
96 8
78 7
34 5
18 9
95 5
24 10
18 2
79 1
56 7
49 8
76 8
60 9
84 3
1 8
33 8
70 7
20 1
100 7
59 5
41 1
44 6
1 4
54 5
13 8
97 4
23 6
39 9
87 6
48 10
64 1
50 1
89 1
89 5
35 5
23 10
41 1
9 6
52 6
74 3
25 8
20 7
19 5
19 5
38 10
51 10
99 1
45 10
73 8
24 8
76 3
30 1
4 1
96 2
31 9
1 8
26 8
78 7
67 5
80 8
3 6
77 4
75 5
14 8
50 4
89 4
49 10
51 10
20 8
79 1
4 9
17 4
5 10
17 3
28 6
73 4
94 5
22 6
21 1
27 2
94 7
90 6
93 1
46 10
22 9
60 4
7 5
32 7
53 7
99 10
73 10
45 7
79 3
63 9
54 3
46 8
17 3
87 2
89 4
24 3
75 5
91 10
16 7
75 7
35 1
92 2
82 4
83 7
38 7
46 4
86 10
50 10
8 4
93 10
80 5
16 3
47 10
83 1
93 7
89 2
42 9
9 1
2 1
54 3
58 6
68 6
15 6
39 6
28 7
74 3
53 8
100 9
3 2
4 10
52 3
67 10
2 6
9 1
45 2
28 2
15 1
39 1
10 7
81 3
46 7
40 6
88 9
93 2
54 4
98 9
67 8
8 2
13 8
75 3
43 7
31 7
78 9
58 7
36 4
70 9
15 8
67 8
74 8
3 1
97 6
46 7
74 9
6 7
42 4
40 10
45 7
43 8
78 4
36 7
39 2
14 1
94 4
59 9
40 6
70 9
46 2
38 6
95 5
3 2
51 1
84 10
17 5
18 6
7 6
43 1
74 7
14 6
22 8
59 8
23 10
6 4
69 8
32 4
69 8
47 5
30 9
37 6
48 2
97 9
59 10
41 5
92 4
5 3
64 1
45 1
51 2
94 9
82 9
80 7
64 5
10 8
30 10
52 1
7 9
44 2
77 6
31 4
73 1
40 6
89 2
79 6
24 2
87 2
75 9
69 3
42 8
62 5
54 3
35 2
38 3
20 7
76 6
25 6
7 2
80 9
65 2
88 10
48 8
47 8
93 2
20 2
9 4
63 10
73 1
85 9
36 7
93 3
58 8
90 2
